3 0.7106331699346405 0.6485135135135135 0.05683823529411769 0.5202162162162162
3 0.6323815359477125 0.5461351351351351 0.032557189542483676 0.3152972972972972
3 0.6409803921568628 0.5468513513513513 0.025653594771241812 0.30543243243243234
3 0.5407924836601307 0.4652027027027027 0.016339869281045753 0.16429729729729736
3 0.24613153594771242 0.5380405405405405 0.03234477124183004 0.3282972972972973
3 0.40009395424836597 0.48952702702702705 0.01685457516339869 0.15289189189189187
3 0.41474673202614376 0.4852432432432433 0.01684640522875822 0.16378378378378378
3 0.35363970588235294 0.48498648648648646 0.021658496732026137 0.21327027027027026
3 0.3389624183006536 0.4722702702702703 0.015277777777777769 0.18394594594594596
3 0.5128022875816993 0.4566351351351351 0.013888888888888888 0.14597297297297301
1 0.10954656862745099 0.49864864864864866 0.21909313725490198 0.9972972972972973
