3 0.9624515347334409 0.6226871657754011 0.07348142164781908 0.7492780748663103
3 0.9353473344103392 0.6134224598930481 0.12768982229402256 0.767807486631016
4 0.2370193861066236 0.7961363636363636 0.11410339256865912 0.40237967914438505
3 0.40336429725363493 0.6013903743315508 0.03769789983844917 0.3553475935828877
3 0.37193457189014545 0.6161497326203208 0.041575121163166376 0.35058823529411764
3 0.5083764135702746 0.526283422459893 0.024022617124394192 0.21149732620320855
3 0.5108642972536349 0.49727272727272726 0.024523424878836846 0.15122994652406418
3 0.5486995153473344 0.5264438502673796 0.01581583198707596 0.20524064171123
3 0.5950525040387722 0.49517379679144385 0.015953150242326332 0.1739839572192513
0 0.46491114701130853 0.48012032085561496 0.02773828756058161 0.07125668449197854
3 0.3512358642972536 0.5425802139037433 0.022600969305331193 0.208903743315508
3 0.5726453957996769 0.5147860962566845 0.01789176090468496 0.17684491978609623
