5 0.7039133986928104 0.5607162162162163 0.047124183006535904 0.3245135135135135
3 0.5976633986928104 0.5884459459459459 0.038251633986928144 0.30294594594594587
7 0.3093423202614379 0.6338513513513514 0.08049836601307188 0.41943243243243244
5 0.4186274509803922 0.5216891891891892 0.034395424836601324 0.1516486486486487
3 0.735735294117647 0.5168648648648649 0.02382352941176468 0.23724324324324325
3 0.5636968954248366 0.49271621621621625 0.01347222222222223 0.12975675675675674
3 0.5563848039215686 0.4960945945945946 0.0157598039215686 0.11478378378378377
3 0.5651674836601307 0.48393243243243245 0.00865196078431366 0.11543243243243245
3 0.5884599673202615 0.4804459459459459 0.01865196078431376 0.12397297297297291
3 0.5952287581699346 0.4783918918918919 0.014591503267973868 0.13332432432432428
