0 0.947079248366013 0.5689594594594595 0.10420751633986924 0.13878378378378378
0 0.8944158496732025 0.5627702702702704 0.10227941176470574 0.13181081081081084
0 0.8257312091503268 0.5625 0.09473039215686278 0.14202702702702705
0 0.5062254901960784 0.5071621621621621 0.027908496732026212 0.08194594594594592
3 0.6941830065359478 0.6341351351351351 0.053643790849673176 0.43854054054054054
3 0.23866421568627452 0.5327567567567568 0.043488562091503286 0.2162702702702702
3 0.2766544117647059 0.5306891891891892 0.04084150326797387 0.20862162162162162
3 0.3013153594771242 0.5367567567567567 0.02287581699346405 0.22075675675675677
3 0.3534926470588235 0.5658378378378379 0.045204248366013056 0.2813513513513514
3 0.39064950980392155 0.5583378378378379 0.034044117647058836 0.24916216216216217
3 0.24100081699346407 0.5597702702702703 0.02669117647058825 0.2598648648648649
3 0.27576797385620916 0.5542297297297297 0.021241830065359478 0.24970270270270267
3 0.30459150326797385 0.5566621621621621 0.028594771241830064 0.22245945945945947
3 0.25395833333333334 0.539027027027027 0.02396241830065358 0.2238918918918919
