0 0.580515713134569 0.5676462765957447 0.06663980660757449 0.15614361702127655
0 0.05780821917808219 0.7610239361702127 0.11561643835616438 0.47263297872340426
0 0.5185777598710718 0.5052260638297873 0.02492344883158739 0.0634840425531915
0 0.25666398066075746 0.6810239361702127 0.19112006446414181 0.36699468085106385
0 0.12986704270749397 0.6196276595744681 0.1675181305398872 0.24202127659574477
0 0.3740451248992748 0.5484308510638297 0.06049959709911365 0.14223404255319147
0 0.27771958098307814 0.5515558510638298 0.07213537469782437 0.12827127659574467
1 0.32924657534246576 0.5160505319148937 0.04371474617244158 0.1141223404255319
0 0.41379935535858176 0.5227127659574469 0.0343513295729251 0.07904255319148935
1 0.36670427074939566 0.504654255319149 0.04017727639000807 0.0907978723404255
0 0.43357775987107167 0.5107047872340426 0.023867848509266723 0.06018617021276595
0 0.48394842868654303 0.5109441489361702 0.02428686543110394 0.07523936170212764
