0 0.9464787581699347 0.5654189189189188 0.10540849673202612 0.13845945945945942
0 0.8943586601307191 0.5630675675675676 0.10141339869281037 0.13175675675675674
0 0.8258782679738562 0.561972972972973 0.09463235294117642 0.14194594594594598
0 0.5061397058823529 0.5076621621621621 0.027818627450980356 0.08197297297297301
5 0.5662745098039216 0.6262702702702702 0.10635620915032686 0.36956756756756753
5 0.6359558823529412 0.587581081081081 0.11651960784313725 0.3516486486486486
5 0.34272875816993464 0.5398378378378379 0.032467320261437914 0.1748648648648649
3 0.15745506535947715 0.46710810810810804 0.01723039215686275 0.1283243243243243
3 0.023713235294117646 0.5428378378378378 0.04742647058823529 0.30599999999999994
3 0.17678104575163398 0.499972972972973 0.020915032679738557 0.16978378378378375
3 0.15265522875816992 0.49225675675675673 0.021895424836601316 0.17305405405405405
3 0.6896977124183007 0.6485540540540541 0.05790849673202614 0.49381081081081074
3 0.7056985294117648 0.6300000000000001 0.05303104575163396 0.4598378378378379
3 0.8124346405228757 0.6404594594594595 0.0648039215686274 0.5367027027027027
3 0.8344607843137254 0.6906486486486487 0.0882026143790849 0.6132972972972973
