0 0.4955278001611604 0.555784574468085 0.06154713940370669 0.18502659574468083
0 0.02203867848509267 0.6938962765957446 0.04407735697018534 0.34242021276595735
0 0.12804190169218374 0.7420478723404255 0.2560838033843675 0.5105851063829787
0 0.20453263497179694 0.5886968085106383 0.11862207896857374 0.1801063829787234
0 0.33170829975825944 0.5863031914893617 0.09724415793714747 0.21010638297872342
0 0.38987107171635776 0.5374202127659574 0.045834004834810635 0.10234042553191487
0 0.4166398066075745 0.5187632978723404 0.03553585817888801 0.08172872340425529
7 0.43118049959709914 0.45781914893617015 0.04431103948428687 0.153936170212766
0 0.19558420628525386 0.5551196808510638 0.09257050765511686 0.1279521276595745
0 0.25284448025785655 0.5359840425531915 0.05703464947622887 0.09680851063829782
1 0.34996776792908946 0.49686170212765957 0.03145850120870263 0.0735106382978723
0 0.5172643029814665 0.49938829787234046 0.015366639806607615 0.0398936170212766
