0 0.9471364379084968 0.5692837837837837 0.10409313725490203 0.13883783783783785
0 0.8944240196078432 0.5627432432432432 0.10236111111111108 0.13181081081081075
0 0.8257148692810458 0.562554054054054 0.09474673202614381 0.142027027027027
0 0.5062336601307189 0.5071351351351351 0.02792483660130724 0.08194594594594601
3 0.9384027777777778 0.678445945945946 0.06726307189542478 0.5267837837837839
3 0.9458986928104577 0.6782837837837838 0.0451470588235294 0.44921621621621616
3 0.5998651960784314 0.6112837837837838 0.05419117647058817 0.3836486486486486
3 0.22337418300653597 0.5236621621621621 0.017973856209150325 0.2034324324324324
3 0.27309232026143787 0.520027027027027 0.024240196078431385 0.19691891891891897
3 0.2835825163398693 0.5327162162162162 0.015253267973856222 0.20570270270270266
3 0.3107638888888889 0.5578243243243243 0.030776143790849638 0.2631081081081081
3 0.35254901960784313 0.552027027027027 0.03214052287581697 0.2320540540540541
3 0.21078839869281046 0.5389594594594596 0.02886437908496733 0.23948648648648643
3 0.24722222222222223 0.5418378378378379 0.028055555555555535 0.23237837837837835
3 0.27383578431372546 0.5488513513513513 0.024240196078431385 0.20781081081081085
3 0.24520424836601307 0.5338783783783784 0.0357516339869281 0.20916216216216213
