3 0.5418668300653595 0.4705675675675676 0.01961601307189542 0.15340540540540545
3 0.22667075163398692 0.5407972972972972 0.0351062091503268 0.32699999999999996
3 0.7538970588235294 0.6828648648648649 0.07246732026143794 0.6288648648648649
3 0.684767156862745 0.6952702702702702 0.07804738562091501 0.6040540540540541
3 0.9285130718954249 0.6884459459459459 0.14133986928104575 0.6177027027027028
3 0.9598161764705883 0.6994189189189188 0.07873366013071886 0.5957567567567568
3 0.6763194444444445 0.5165135135135136 0.029534313725490178 0.20481081081081082
3 0.46341911764705873 0.696445945945946 0.056462418300653607 0.5897027027027026
3 0.4926593137254902 0.662027027027027 0.040906862745097985 0.46216216216216216
3 0.5345261437908496 0.6389729729729731 0.04748366013071896 0.5102702702702703
3 0.5762540849673203 0.6603513513513513 0.04128267973856207 0.4076756756756757
3 0.6070261437908496 0.6145135135135136 0.04955882352941183 0.44637837837837835
3 0.6639787581699347 0.6390675675675676 0.05220588235294116 0.42732432432432427
3 0.44004493464052286 0.5306486486486486 0.029403594771241836 0.2935135135135135
3 0.49621323529411765 0.5352837837837838 0.04191993464052283 0.2738108108108108
3 0.5275816993464052 0.520445945945946 0.0453104575163399 0.2955945945945946
3 0.5767156862745099 0.5225 0.04627450980392156 0.2800810810810811
1 0.10919934640522876 0.49864864864864866 0.2183986928104575 0.9972972972972973
