3 0.8104846526655897 0.695788770053476 0.18148626817447502 0.6030748663101605
3 0.3530815831987076 0.5640106951871657 0.03412762520193861 0.28411764705882353
3 0.7534894991922455 0.7170588235294117 0.061647819063004886 0.5605347593582888
3 0.6254765751211631 0.6813235294117647 0.048158319870759296 0.5011497326203208
3 0.4770799676898223 0.6413368983957219 0.054224555735056634 0.40641711229946526
3 0.657516155088853 0.6143048128342246 0.07999192245557349 0.3947058823529412
3 0.5528271405492731 0.5882219251336899 0.03846526655896608 0.3218983957219251
3 0.633986268174475 0.6782754010695188 0.057924071082390984 0.42991978609625664
3 0.5907148626817448 0.5698529411764706 0.03731017770597733 0.29938502673796796
3 0.6160702746365104 0.6148529411764706 0.06803715670436179 0.36842245989304817
0 0.42841276252019383 0.542807486631016 0.06679321486268179 0.16791443850267376
