3 0.4751373182552504 0.5173930481283422 0.01423263327948304 0.14323529411764704
3 0.4936833602584815 0.5116711229946524 0.01468497576736668 0.14895721925133693
3 0.31544022617124395 0.6457887700534759 0.048796445880452365 0.44157754010695194
3 0.96703957996769 0.6031550802139037 0.053255250403877276 0.4778609625668449
3 0.3318093699515347 0.5596657754010695 0.032423263327948336 0.2154812834224599
3 0.3170274636510501 0.6226203208556149 0.048158319870759296 0.30197860962566847
0 0.15829967689822294 0.6557085561497327 0.3165993537964459 0.683235294117647
3 0.6717568659127625 0.56451871657754 0.04553311793214863 0.34882352941176475
3 0.8828311793214864 0.568288770053476 0.06209208400646213 0.42711229946524076
3 0.4053998384491115 0.5077005347593583 0.01214054927302098 0.12796791443850272
0 0.33959612277867524 0.5255882352941176 0.08192245557350566 0.2187700534759358
1 0.37377625201938613 0.5046524064171123 0.04981421647819064 0.16026737967914437
