5 0.04020833333333334 0.5072297297297298 0.018504901960784314 0.10559459459459465
3 0.27620506535947714 0.6170540540540541 0.03703431372549018 0.34864864864864864
3 0.22977124183006536 0.6076486486486486 0.046846405228758194 0.40140540540540537
3 0.3701266339869281 0.643972972972973 0.057459150326797374 0.44210810810810813
5 0.8985906862745098 0.593027027027027 0.061397058823529485 0.28810810810810816
3 0.6309395424836601 0.5017027027027027 0.010620915032679739 0.11113513513513515
3 0.6438562091503268 0.5078513513513514 0.008986928104575163 0.09656756756756761
5 0.8491625816993464 0.5197837837837838 0.040874183006536016 0.11724324324324323
3 0.9698692810457515 0.508527027027027 0.013888888888888888 0.12062162162162161
3 0.9925040849673203 0.5226621621621621 0.013357843137254828 0.1222972972972973
