5 0.9889093137254902 0.6321621621621621 0.020547385620915105 0.3261081081081082
3 0.13040032679738564 0.6357162162162161 0.042761437908496736 0.3968918918918919
3 0.0691544117647059 0.6318243243243243 0.05664215686274511 0.4666756756756757
3 0.254281045751634 0.6856891891891892 0.07516339869281045 0.5501891891891892
5 0.7702573529411765 0.6336351351351351 0.06636437908496734 0.31613513513513514
5 0.9002491830065359 0.589972972972973 0.03242647058823534 0.17189189189189188
3 0.5451266339869281 0.520391891891892 0.009256535947712358 0.11213513513513508
3 0.5513725490196079 0.5206891891891892 0.007075163398692877 0.09689189189189196
5 0.7696527777777779 0.5342297297297297 0.03559640522875821 0.111972972972973
3 0.8525694444444445 0.5432432432432432 0.012802287581699406 0.11313513513513518
3 0.8775367647058824 0.5631081081081081 0.02178921568627457 0.11551351351351354
