0 0.37456699346405226 0.5641351351351351 0.08813725490196078 0.19594594594594594
5 0.7866584967320261 0.46662162162162163 0.06192810457516336 0.17216216216216212
5 0.722781862745098 0.4656756756756757 0.04830882352941176 0.14632432432432435
3 0.44977124183006534 0.510472972972973 0.019493464052287593 0.149972972972973
5 0.5920098039215687 0.4774054054054054 0.032075163398692805 0.0983783783783784
3 0.3414174836601307 0.5221216216216217 0.017671568627450975 0.16624324324324322
5 0.6829003267973857 0.47336486486486484 0.02135620915032688 0.10662162162162167
3 0.2054656862745098 0.5430810810810811 0.017140522875817008 0.12972972972972974
3 0.20124591503267972 0.5469324324324325 0.01894607843137257 0.1250540540540541
5 0.26601715686274513 0.5429324324324324 0.05677287581699347 0.16683783783783782
3 0.27446078431372556 0.5342972972972972 0.0171078431372549 0.1287027027027027
3 0.26901143790849674 0.5396486486486487 0.02094771241830064 0.15632432432432433
3 0.34068627450980393 0.5156621621621622 0.013349673202614406 0.15991891891891888
0 0.9262540849673203 0.44004054054054054 0.10162581699346414 0.09699999999999996
0 0.8398856209150327 0.46799999999999997 0.08931372549019612 0.08091891891891892
