3 0.5336070261437909 0.4704864864864865 0.016070261437908556 0.15405405405405406
3 0.21496732026143792 0.5380675675675676 0.02696078431372549 0.32516216216216215
3 0.9085784313725489 0.6757297297297297 0.18120915032679735 0.6431351351351352
3 0.5725735294117646 0.4718648648648649 0.03158496732026141 0.19589189189189193
3 0.5917810457516339 0.6713513513513513 0.1452777777777778 0.6518918918918919
3 0.595857843137255 0.7235135135135135 0.1141830065359477 0.5475675675675675
3 0.6189705882352942 0.6847837837837838 0.05392156862745098 0.625027027027027
3 0.6793259803921569 0.7416621621621622 0.06971405228758164 0.5112702702702703
3 0.7000326797385621 0.6973918918918918 0.05065359477124183 0.5998108108108108
3 0.7905392156862745 0.7153918918918919 0.07299019607843131 0.5638108108108109
3 0.30292892156862744 0.7221621621621621 0.07951797385620914 0.5502702702702702
3 0.46444444444444444 0.5788513513513514 0.046290849673202586 0.3705675675675676
3 0.5497385620915033 0.5775675675675677 0.03839869281045752 0.3420000000000001
3 0.5774142156862745 0.5594729729729729 0.06808006535947707 0.3686216216216216
3 0.6342892156862745 0.5451891891891892 0.0594771241830065 0.34535135135135137
1 0.10916666666666668 0.49864864864864866 0.21833333333333335 0.9972972972972973
