5 0.7125204248366013 0.608472972972973 0.04917483660130723 0.2365675675675675
5 0.15107434640522877 0.7294324324324324 0.30214869281045753 0.5357297297297298
5 0.5533455882352942 0.5917297297297297 0.03850490196078431 0.22529729729729733
3 0.2135089869281046 0.5416081081081081 0.01280228758169936 0.14078378378378378
3 0.22980392156862742 0.5356891891891892 0.015522875816993464 0.12191891891891887
5 0.5313970588235295 0.5446216216216216 0.027924836601307148 0.10394594594594597
3 0.3455841503267974 0.5462702702702703 0.01035130718954245 0.1292972972972973
3 0.3338766339869281 0.5454189189189189 0.01415849673202613 0.1092702702702703
3 0.5406862745098039 0.5366081081081081 0.011437908496732025 0.10856756756756754
3 0.5618218954248365 0.5521081081081081 0.015522875816993464 0.10859459459459461
